# Camera list with one line of data per camera:
#   CAMERA_ID, MODEL, WIDTH, HEIGHT, PARAMS[]
# Number of cameras: 67
1 SIMPLE_RADIAL 1600 900 1076.7742434605759 800 450 0.0011877193405351607
2 SIMPLE_RADIAL 1600 900 1093.0076065104417 800 450 0.015167235030026208
3 SIMPLE_RADIAL 1600 900 1096.6984042174342 800 450 0.00040736906692999592
4 SIMPLE_RADIAL 1600 900 1083.8657453994992 800 450 0.0063601328975176749
5 SIMPLE_RADIAL 1600 900 1066.4667604830806 800 450 0.0058921459673943492
6 SIMPLE_RADIAL 1600 900 1076.9662386909799 800 450 0.0056516790898106777
7 SIMPLE_RADIAL 1600 900 1074.1862891120068 800 450 0.014042878947034989
8 SIMPLE_RADIAL 1600 900 1092.5581124169041 800 450 0.00082965266568573218
9 SIMPLE_RADIAL 1600 900 1091.6201805578055 800 450 0.0095947729949119546
10 SIMPLE_RADIAL 1600 900 1086.5100574541027 800 450 -0.011125993808878649
11 SIMPLE_RADIAL 1600 900 1107.8835197373837 800 450 0.024665922664295969
12 SIMPLE_RADIAL 1600 900 1082.0705218157955 800 450 0.0012171815381289797
13 SIMPLE_RADIAL 1600 900 1086.8629252355588 800 450 -0.0012382192875416891
14 SIMPLE_RADIAL 1600 900 1087.0515187170481 800 450 -0.0058888821832896879
15 SIMPLE_RADIAL 1600 900 1078.6610276664298 800 450 0.0027931702987883163
16 SIMPLE_RADIAL 1600 900 1081.7361107385216 800 450 0.0023643942681210984
17 SIMPLE_RADIAL 1600 900 1104.6332089138034 800 450 0.015646493454868828
18 SIMPLE_RADIAL 1600 900 1079.9086535777976 800 450 -0.0037383620468961674
19 SIMPLE_RADIAL 1600 900 1101.4699569079826 800 450 0.0091134961459168693
20 SIMPLE_RADIAL 1600 900 1093.7219839685361 800 450 -0.0086981259503690848
21 SIMPLE_RADIAL 1600 900 1090.9314354926914 800 450 -0.011747019866619753
22 SIMPLE_RADIAL 1600 900 1090.1308215870306 800 450 -0.0020656673484136601
23 SIMPLE_RADIAL 1600 900 1084.0938235572539 800 450 -0.0097701847742739257
24 SIMPLE_RADIAL 1600 900 1090.0309744918693 800 450 -0.0015070664654518629
25 SIMPLE_RADIAL 1600 900 1083.2227013260451 800 450 0.00010836112504860355
26 SIMPLE_RADIAL 1600 900 1100.3599058222364 800 450 -0.022818002435140008
27 SIMPLE_RADIAL 1600 900 1084.3659453653243 800 450 -0.0047756953283017234
28 SIMPLE_RADIAL 1600 900 1082.7915492624393 800 450 0.0081216834381257555
29 SIMPLE_RADIAL 1600 900 1094.589952063214 800 450 0.018953021255559286
30 SIMPLE_RADIAL 1600 900 1084.530388417666 800 450 0.016227030878274321
31 SIMPLE_RADIAL 1600 900 1087.5941780785799 800 450 -0.0031214584648059165
32 SIMPLE_RADIAL 1600 900 1086.9155564607165 800 450 -0.0084472093052831865
33 SIMPLE_RADIAL 1600 900 1096.2578673099406 800 450 0.00031684320187704186
34 SIMPLE_RADIAL 1600 900 1088.2893232826323 800 450 0.0039290595316597704
35 SIMPLE_RADIAL 1600 900 1083.476289562554 800 450 0.002034328227570016
36 SIMPLE_RADIAL 1600 900 1095.1551601437991 800 450 0.00026879271506356149
37 SIMPLE_RADIAL 1600 900 1092.4437031227185 800 450 0.028587488456760971
38 SIMPLE_RADIAL 1600 900 1098.9303622787136 800 450 0.026633372925187564
39 SIMPLE_RADIAL 1600 900 1075.8023153380352 800 450 0.0031470513645995252
40 SIMPLE_RADIAL 1600 900 1099.6192658955929 800 450 -0.0015422854513635431
41 SIMPLE_RADIAL 1600 900 1085.9454353446638 800 450 -0.001557208457397857
42 SIMPLE_RADIAL 1600 900 1073.2411328078354 800 450 -0.0013361220121892753
43 SIMPLE_RADIAL 1600 900 1082.0273874397058 800 450 -0.0049346173777989871
44 SIMPLE_RADIAL 1600 900 1077.7436652813453 800 450 0.0021473839679004678
45 SIMPLE_RADIAL 1600 900 1090.7946835270172 800 450 -0.0078130289202099495
46 SIMPLE_RADIAL 1600 900 1088.6390932717175 800 450 0.0035999792860596591
47 SIMPLE_RADIAL 1600 900 1084.6094781319641 800 450 -0.00041348731334338735
48 SIMPLE_RADIAL 1600 900 1081.1917231694858 800 450 0.0079806265704503148
49 SIMPLE_RADIAL 1600 900 1080.2469005638711 800 450 0.0027576858733723074
50 SIMPLE_RADIAL 1600 900 1072.9946366658546 800 450 0.0037579806408561032
51 SIMPLE_RADIAL 1600 900 1091.9210802873686 800 450 -0.010871082154166661
52 SIMPLE_RADIAL 1600 900 1095.5047265288681 800 450 -0.013095344111870936
53 SIMPLE_RADIAL 1600 900 1073.5468834720114 800 450 0.0043651617488187329
54 SIMPLE_RADIAL 1600 900 1096.5234343552199 800 450 -0.010901521313591104
55 SIMPLE_RADIAL 1600 900 1071.8899036700034 800 450 0.0037415483982335836
56 SIMPLE_RADIAL 1600 900 1089.058305944654 800 450 -0.010425652597885844
57 SIMPLE_RADIAL 1600 900 1086.8820847650459 800 450 0.002733954831457731
58 SIMPLE_RADIAL 1600 900 1092.6982897809266 800 450 0.0063829212974479913
59 SIMPLE_RADIAL 1600 900 1099.5773872768227 800 450 -0.013685709132222331
60 SIMPLE_RADIAL 1600 900 1062.6900366773473 800 450 0.0014508617651011438
61 SIMPLE_RADIAL 1600 900 1093.4935426713953 800 450 -0.0077325930383157614
62 SIMPLE_RADIAL 1600 900 1090.0481053902408 800 450 -0.0038587382075874954
63 SIMPLE_RADIAL 1600 900 1083.442770806143 800 450 -0.0053660422419421708
64 SIMPLE_RADIAL 1600 900 1093.5255087760361 800 450 0.015845597251677987
65 SIMPLE_RADIAL 1600 900 1080.4398717002221 800 450 -0.019755085394099627
66 SIMPLE_RADIAL 1600 900 1079.3076184802217 800 450 -0.0015305659637759007
67 SIMPLE_RADIAL 1600 900 1093.7531043141262 800 450 0.021551056162210033
