# Frame list with one line of data per frame:
#   FRAME_ID, RIG_ID, RIG_FROM_WORLD[QW, QX, QY, QZ, TX, TY, TZ], NUM_DATA_IDS, DATA_IDS[] as (SENSOR_TYPE, SENSOR_ID, DATA_ID)
# Number of frames: 67
1 1 0.21445589054603989 0.97316535735408305 0.033375727183297781 -0.076445530222446337 -1.4707433420811054 -0.07214535497882929 4.0892159400158592 1 CAMERA 1 1
2 2 -0.46738032587379136 0.52117530027082859 0.70715976312370898 0.099282459641873058 0.48492632728644108 -1.2649974394293344 3.3804263911020862 1 CAMERA 2 2
3 3 0.30371375318923444 0.6384208216372026 0.22478538000452183 0.67055823278818283 -0.36672495854761072 -1.4117027408200566 3.8264078630485803 1 CAMERA 3 3
4 4 0.38381012258628866 0.92286177502460331 0.029362991449685523 -0.012399545631287931 -1.7267168113551137 0.15569079251050127 5.044771799327612 1 CAMERA 4 4
5 5 0.59554359009696634 -0.801890180038626 0.032517724382619261 0.035250092950410858 -1.9879703526024748 -0.16770505482656548 2.6323492928757193 1 CAMERA 5 5
6 6 0.52552715766020619 0.46846510249254913 -0.067508860152861255 0.70696832185685077 -0.52710744294556056 -0.29595116346361167 1.3889971560203596 1 CAMERA 6 6
7 7 -0.034682241860098495 0.9331162294823665 0.0097732729957403387 0.35776490536540906 -1.1316708224917515 -0.032125915484646751 3.0634397885654758 1 CAMERA 7 7
8 8 0.71008404718499574 0.061271266346214347 -0.48227687937310426 0.50934810245631446 0.3121988309313618 -0.68011654237562169 2.970791461644962 1 CAMERA 8 8
9 9 0.692324722795574 -0.17460088818799474 -0.63041397402396415 0.30459683091803152 0.53760493056029313 -0.89580412924509134 2.9144457780666029 1 CAMERA 9 9
10 10 0.92756021164424296 0.2284648030076358 -0.28176648109899444 0.089685771949954696 -0.93609087095724841 0.46520217012513265 2.6860837154176154 1 CAMERA 10 10
11 11 0.5492361426947554 -0.45711380226362724 -0.69902007355672968 -0.027523955068631343 0.36887403901985744 -1.8508871789585677 5.2147547862389851 1 CAMERA 11 11
12 12 0.96842462847693001 0.037533253373007121 -0.24646412263367184 -0.00065582388801408657 -1.1580232997725213 0.31467622360996339 2.6481683651650543 1 CAMERA 12 12
13 13 0.98211372621016735 -0.18394906433840866 0.028898525492646258 0.027932879245708864 -1.9959563437690715 -0.30867008621687675 3.8485528272845921 1 CAMERA 13 13
14 14 0.54598582638670035 0.83737855869399047 0.026047493138839268 0.004260859724196331 -1.837857701076103 0.51478778833298589 4.7027802169073123 1 CAMERA 14 14
15 15 0.31922298076569378 0.94489329596355809 0.043400462615258373 -0.058221539304376999 -1.5569317100548545 -0.095836443932795889 4.3870016082562815 1 CAMERA 15 15
16 16 0.9593004572052114 -0.21691130916738124 -0.17971291848241175 0.019884257383650211 -1.2123746253054357 -0.42628833267806204 2.9753932120408257 1 CAMERA 16 16
17 17 0.71435107008514698 0.081247567580449501 -0.42540155936243546 0.54966798589919175 -0.07706149414216977 -1.7911049521288576 5.454236287926455 1 CAMERA 17 17
18 18 0.66179467934343261 0.2415341848935891 -0.34296130508758915 0.62134256504212748 0.11245675851087439 -0.64340317299391026 2.9412071256962595 1 CAMERA 18 18
19 19 0.41111099130101353 0.56076048069216622 0.13075337003327686 0.70670997753698783 -0.29803529435774984 -1.0220148681152732 4.0107236498245786 1 CAMERA 19 19
20 20 -0.28984320749272274 0.64054307077963413 0.62033157230184655 0.34768409505188225 -0.021813002114175098 -2.1801221723065609 5.0028924128963137 1 CAMERA 20 20
21 21 0.52297367561004271 0.4864642710143256 -0.007278250470269209 0.6998557527916125 -0.22180306861907814 -1.1418005379905267 4.2081212487051225 1 CAMERA 21 21
22 22 0.99376355400372762 0.10826369471776381 0.026678807322992323 -0.0011010811785278562 -1.5302472556233122 0.3138213236826296 3.8214692053784161 1 CAMERA 22 22
23 23 0.81858025080009678 0.57352454887240523 0.025229893799387306 0.018958304239211101 -1.9992896493432077 0.42179978609591134 3.9323972094670094 1 CAMERA 23 23
24 24 0.89710105482637248 -0.36907122553427596 -0.21343696030779627 -0.11593442925466878 -1.3566057329324479 -0.2775416050115519 2.9158837551170591 1 CAMERA 24 24
25 25 0.7742158211159772 -0.53046965294955395 -0.27560917625096892 -0.20792159964649057 -0.83927928331155699 -0.57763802881407 2.4996401324100121 1 CAMERA 25 25
26 26 0.55868917284803155 0.42435589711841909 -0.06550845099157189 0.7095753121211934 -0.25966339616273465 -1.0828295501226193 3.5439437869327817 1 CAMERA 26 26
27 27 -0.38096604637817805 0.92457451873410046 -0.0046484937671427131 0.0022852396555503524 -1.7969872665186428 -0.5326739977538143 3.4029403533452305 1 CAMERA 27 27
28 28 0.71267877186558892 0.57585821122571701 -0.23094145367150692 0.32732603573832086 -0.70399837421277545 0.47587067000543898 2.0876669865470348 1 CAMERA 28 28
29 29 -0.25166911812809678 0.65348646088576778 0.63221615569197565 0.3315431086626287 0.049847130598218832 -1.4388080412565956 4.1406298306132419 1 CAMERA 29 29
30 30 0.65949221065426133 0.66934870623902887 -0.23751609388161712 0.24622842786671187 -0.84944904754804995 0.59338868972519543 2.8529013856127934 1 CAMERA 30 30
31 31 0.9347242659766295 -0.35417067340113489 0.021431880006291835 0.019858378998146256 -2.0107890912804893 -0.12580795483693366 4.085223225526633 1 CAMERA 31 31
32 32 0.76232054507356561 0.64628149409750513 0.019515155349459759 0.028403796533645557 -2.0728259370913125 0.43858262918504165 4.0877775087201513 1 CAMERA 32 32
33 33 0.69425088346694552 0.058310148203074237 0.19142181816318768 0.6913561491395015 -0.077498215298886536 -1.9734659617932542 3.5116407771588909 1 CAMERA 33 33
34 34 0.99791050412105664 -0.06066431066984973 0.022158760316997768 0.0018591710583774634 -1.5060820660731558 0.022691947809466526 3.5312681186769241 1 CAMERA 34 34
35 35 0.96571837231996627 -0.057759770215178641 -0.25082861462547251 -0.033717063831700943 -1.4005641837896996 -0.036728511095355208 1.972182774390222 1 CAMERA 35 35
36 36 0.6972229698540342 -0.12261327246107526 0.0078220043286911772 0.70624707572675216 0.15832342323849632 -1.9755921527826454 3.3820014189456895 1 CAMERA 36 36
37 37 0.5163034247391497 -0.785482064165133 -0.17360627899574876 -0.2937848879210046 -1.0378271525356797 -0.77145124576774116 3.2443361807311102 1 CAMERA 37 37
38 38 0.18016704783439419 0.66491771988922344 0.35478144329317945 0.6321031467622702 -0.58644364127657955 -1.3116358880651897 3.7452249201592283 1 CAMERA 38 38
39 39 0.36633682603200118 0.84983787126993771 -0.13776677326211267 0.35297767441174782 -0.93259709802534052 0.33628484865134806 2.6524214137489852 1 CAMERA 39 39
40 40 0.69187927306033925 0.18979887689059341 -0.25119721512972021 0.6497533508583383 0.18688651109996263 -1.7201881739941576 4.7603526331241817 1 CAMERA 40 40
41 41 0.92246478833901591 0.38543517893434281 0.021506873942161366 0.005990950487324594 -1.7627465276134147 0.3364750455698281 2.8448550791460927 1 CAMERA 41 41
42 42 0.42346108298574048 0.41318588798370148 -0.43822763471974691 0.67669392884493962 0.71723844096398393 0.55761612208192113 1.5921311687914599 1 CAMERA 42 42
43 43 0.70037047885249271 0.17848344836563032 -0.35157672868365064 0.59499466792530697 0.14818738589241126 -0.45277556436947808 2.0512378442472552 1 CAMERA 43 43
44 44 -0.010566777731515039 0.99685187286700405 0.0075097043375958236 -0.078219505947564633 -1.491996612174 -0.20567450690655151 3.9840037799204673 1 CAMERA 44 44
45 45 0.7910126597353826 -0.61162891009044729 -0.008581236359573266 0.011636617312115823 -2.1370395535337465 -0.4014243826300728 4.1711471962362765 1 CAMERA 45 45
46 46 0.081055711590375182 0.70385406670340322 0.027743483892897297 0.7051593603612899 -0.47267816088895598 -0.16353557810198033 2.7341556930961604 1 CAMERA 46 46
47 47 0.16636624122597463 0.68999831883886009 0.12110062031225249 0.6939446905480835 -0.27896063761614903 -0.68768651375052969 3.3464577697199878 1 CAMERA 47 47
48 48 -0.039118508266047777 0.99900880831818062 0.019049164359721628 -0.0093953473019408006 -1.8762449006786652 -0.14891499392927413 4.7414267597234483 1 CAMERA 48 48
49 49 0.59682130587774884 0.43684097709173547 -0.43154876828880628 0.5164687310692978 0.15257333869732492 0.46218712768574266 1.3584853536329806 1 CAMERA 49 49
50 50 -0.25156553352895178 0.9674464154562441 -0.0015628117543318555 -0.027563983394619362 -1.9415155992170785 -0.38892732100485816 3.4155589193633951 1 CAMERA 50 50
51 51 0.63801060506963925 0.76927143264425479 0.033985743501072543 0.0029832825558496257 -1.8036227484808003 0.4226858453190373 4.4539458283400277 1 CAMERA 51 51
52 52 0.87925185241043136 -0.44028227623675714 -0.15863977639953564 -0.088888236614921595 -1.460944592691326 -0.42073917644239212 3.0219932512038845 1 CAMERA 52 52
53 53 0.3627273892768208 0.25706243743387347 -0.53563190986357179 0.71794582070298341 0.93021738419048994 0.31362700001584409 1.4725906796098567 1 CAMERA 53 53
54 54 0.63491950489339155 -0.77210330083579204 -0.022242868915366535 0.015458652166961353 -2.049903766504467 -0.54440178946563045 4.3094456819500513 1 CAMERA 54 54
55 55 0.2474124608846448 0.83889113394043446 -0.0064835738085431312 0.48477489917053807 -0.70475792242518986 -0.032784808618188777 1.8572456196805438 1 CAMERA 55 55
56 56 0.58517021191241481 0.39083460963978917 -0.15057489418097042 0.69437117757038491 -0.2549517831920069 -0.56462450056518698 3.4271167837715018 1 CAMERA 56 56
57 57 0.18246117816337948 0.98294987749737073 0.022305850145017316 -0.0044615961766692695 -1.8987026589635594 -0.1102933523325299 4.8667729576502667 1 CAMERA 57 57
58 58 -0.052866628688106758 0.69629504836876788 0.5119640977483787 0.50027101435619636 -0.27941500789994517 -1.5013733185158973 3.6211334436511491 1 CAMERA 58 58
59 59 -0.45198658442184486 0.89103027857423833 0.038995528146558385 -0.015890844885052508 -1.9752577028172038 -0.62891675878390974 4.9392560404519656 1 CAMERA 59 59
60 60 0.9957147467433195 -0.067259882574014274 0.063167578508323857 0.0061731952351847599 -2.0177046435530754 -0.082657687450698 2.4373047295209673 1 CAMERA 60 60
61 61 -0.28044870944593098 0.95908467283599552 0.037134436009599203 0.011231445295786194 -2.1655973223965401 -0.52371501275148646 4.9855720251925355 1 CAMERA 61 61
62 62 0.85071368001415137 -0.52548370742288264 0.0056845047624195892 0.01099064490775838 -2.1017401079165934 -0.11503446209625229 4.0797308959184724 1 CAMERA 62 62
63 63 0.91199203504513449 0.40939553727338507 0.023441234025479735 0.010785667444955221 -1.941928781957615 0.3487254763069696 3.8149030757631084 1 CAMERA 63 63
64 64 0.60440371849128549 -0.36978072208906565 -0.69748468941842712 0.10711428789884424 0.597812389682714 -1.223722896155415 3.2986624715853465 1 CAMERA 64 64
65 65 -0.49727077771034733 -0.51223203988399102 0.53438976168491326 -0.45251264463876989 0.35436492992941881 1.139234116300456 1.5641018289869022 1 CAMERA 65 65
66 66 0.67145960411551375 0.22808025261880374 -0.38118584861408183 0.59314310855201091 0.1527009652428801 -0.1749936089779521 1.311157037602954 1 CAMERA 66 66
67 67 0.72818434262990239 -0.036828703167995989 -0.53859072904698146 0.42226915155651812 -0.2022981672360325 -1.2552548725880917 4.1836068770663424 1 CAMERA 67 67
